267 179 180
158 0 179 180
288 0 179 180
30 179 180
48 140 179 180
73 179 180
106 179 180
138 179 180
188 179 180
243 179 180
256 179 180
39 277 98
204 277 98
162 98
75 82 219
75 82 209 98
75 116
223 209 98
24 94 186
2 89
146 89
146 110 186
260 116
9 116
65 116
275 116
275 110 186
159 116
159 110 186
139 97 278 116
139 97 278 186
102 186
206 186
36 231 186
171 272 186
274 272 186
37 186
88 186
57 13 229 186
84 127 98
119 127 98
109 116
109 221 242 4
51 214 4
66 214 4
10 214 4
45 214 4
45 232
18 221 242 4
47 221 242 4
63 221 242 4
264 4
46 160 4
61 4
67 4
16 14
16 232
5 232
101 232
93 214 4
93 149
74 149
253 246 149
23 54
41 54
71 54
134 54
241 54
259 54
268 54
172 273 55
261 226 55
136 226 55
3 133 55
234 55
197 257 55
276 55
281 55
6 7
12 283
68 283
90 283
99 283
141 142 283
191 283
192 283
210 283
220 283
284 283
60 21
178 21
235 28 27
86 27
117 27
120 27
123 27
148 27
163 27
164 27
44 49 34
130 34
208 34
213 34
217 34
238 34
287 282 34
287 100
200 100
135 42
56 236
237 236
255 254 236
58 250
118 62
76 258
80 85
83 152
128 152
96 174 152
175 174 152
270 174 152
201 152
215 152
124 87
91 169
252 169
112 212 250
132 115
121 193
125 187
126 211
251 211
131 224
263 224
194 182
184 269
1 185
19 20
